2400437667,0.9986111,120.2138889#1092146.0105604853
300811416,0.1797369,129.9994168#75.06323771188049,81.51939033305672,94.68626330858031
300811413,0.1802493,129.9989776#29.6364727879473,30.599253148702523,51.0078372782284
300811415,0.1804689,129.9993802#36.863243053899446,51.0078372782284,79.82427798753007
300811412,0.180231,129.9987031#30.599253148702523,49.2726849914715,54.99445166665414
300811401,0.1805421,129.9983188#48.89299588958949,54.99445166665414,80.18678611686249
300811414,0.1805055,129.9990508#29.6364727879473,36.863243053899446,49.2726849914715
300811397,0.1809813,129.9983005#48.89299588958949,57.89364670035438,94.7081197015787
300811394,0.1810728,129.9988129#54.80588082485553,57.89364670035438,68.42229621617322
300811391,0.1814937,129.9990691#54.80588082485553,99.92306426308745,102.74411461707953
300811388,0.1819878,129.9998194#99.92306426308745,151.29469289146087,202.66637044259514
2400437662,0.7275,129.1416667#57583.01041848419,113058.16779603738,113099.07031059553
2900925001,0.868493,129.6398565#57583.01041848419,113614.39670501328
296851923,0.0000663,130.1776842#42.88978341814885,50.20214987562107,107.02338841261836
296851925,0.0004321,130.1775622#42.88978341814885,46.88627176082684,69.4780430280034
296851942,0.0002644,130.174651#100.81626985889282,219.6207150997656,288.45394156109603
296851927,0.0001577,130.1772422#46.88627176082684,50.20214987562107,103.21204154483964
296851805,0.0005048,130.1713188#107.37901772388021,371.5916964384139,447.1187037764836
296851938,0.0007827,130.1765563#103.21204154483964,118.48373651571632,136.19381196329545
296851940,0.0008741,130.1753217#100.81626985889282,137.69583660139475,227.98820741163803
296851913,0.0010258,130.1777564#53.970143548317786,69.4780430280034,95.19862659187575
296851811,0.0009514,130.1704629#107.37901772388021,472.05265159656744,540.4949412568919
296851914,0.0010258,130.1786123#82.46270630417553,95.19862659187575,112.97498116538934
296851910,0.0015096,130.1777192#53.970143548317786,112.97498116538934,120.31578660226079
296851908,0.0017328,130.1788355#51.20381119739354,82.46270630417553,126.61954903341905
296851760,0.0017873,130.1272529#104.45425066323021,290.26267538551366,1434.9792345138944
296851762,0.0017482,130.1263146#104.45425066323021,188.78428536141598,1330.5846740076502
296851792,0.00167,130.114352#1149.3250926455821,1330.5846740076502,1434.9792345138944
296851906,0.0021794,130.1789472#51.20381119739354,155.58239807470926,193.25507485734315
296851764,0.0021783,130.1246727#188.78428536141598,264.1291394911023,290.26267538551366
296851904,0.0024771,130.1772354#120.31578660226079,193.25507485734315,196.28542543398274
296851242,0.0023737,130.0893044#2787.0521978157385,3686.6974983827135,3933.94668450895
296851813,0.0029236,130.1696443#216.56931429916742,470.7798614521941,658.9142856829811
296851766,0.0029992,130.1224444#122.99115139801162,264.1291394911023,427.30390127605165
296851899,0.0032213,130.1755609#124.02549054203212,188.49197325463425,191.5068564436006
296851897,0.0034073,130.1738492#89.35139969105279,160.73166035721877,191.5068564436006
296851790,0.0037811,130.1104427#789.0404485746229,846.0694600444724,917.4830372071096
296851901,0.003705,130.1765656#66.7405703552434,99.5102907515452,124.02549054203212
296851903,0.0037795,130.177161#66.7405703552434,94.55835208842622,188.49197325463425
296851768,0.0037811,130.1216625#122.99115139801162,330.49320077793226,409.6117430713404
296851815,0.0037795,130.1713932#72.27507421842512,149.22966437070212,216.56931429916742
296851770,0.0038202,130.1186914#95.76003187990901,165.28629713606736,330.49320077793226
296851723,0.0040157,130.133977#195.66938137151772,221.58000213570477,1369.9453216594218
296851722,0.0040157,130.1357362#63.30791787243384,195.66938137151772,1482.71522754282
296851619,0.004172,130.0910132#2161.5095419029863,2237.218814479036,2531.8763301125773
296851895,0.0041888,130.1740352#89.35139969105279,153.192315379829,201.83474280466777
296851818,0.004226,130.1726584#112.96805339097159,149.22966437070212,153.192315379829
296851772,0.0043675,130.1180268#70.10953601460069,95.76003187990901,389.424555283102
296851816,0.0043748,130.1716537#72.27507421842512,112.96805339097159,265.69219717730937
296851892,0.0045981,130.1791704#231.55950506516535,241.3328245832985,260.78074043893815
296851774,0.0046802,130.1174795#70.10953601460069,165.28629713606736,326.2316064706306
296851721,0.004563,130.1358925#63.30791787243384,221.58000213570477,284.6326050163136
296851894,0.0045609,130.1768261#94.55835208842622,99.5102907515452,111.05881288821604
296851779,0.0047584,130.1145475#87.94107069715967,257.53765765486776,326.2316064706306
296851781,0.0048757,130.1137656#87.94107069715967,169.79945632723798,296.48258947459044
296851834,0.0050447,130.1756353#90.86419464099772,96.88010547387627,142.9622892811489
296851789,0.0050712,130.1111072#131.6120852571547,296.48258947459044,325.88995051921455
296851756,0.0051885,130.1292466#383.88441272901264,470.11138922274705,742.4659274854847
296851787,0.0052276,130.1122801#126.08809931871323,131.6120852571547,169.79945632723798
296851725,0.0053839,130.1334687#101.13391232470798,284.6326050163136,470.11138922274705
296851846,0.005454,130.1763423#90.86419464099772,103.47386602749266,112.97498109100857
296851820,0.0053423,130.1748167#96.88010547387627,170.14112350451552,239.8024027863112
296851890,0.0056028,130.1818124#63.042796564936594,314.39077589948903,370.95590750161335
296851871,0.005454,130.1772726#103.47386602749266,111.05881288821604,165.39910582202629
296851727,0.0057749,130.1326478#101.13391232470798,383.88441272901264,554.7364812139804
296851776,0.005814,130.1171276#178.2735809551849,361.54993304433617,448.3910155808094
296851778,0.005814,130.1155248#178.2735809551849,183.91122681416715,270.4650411332035
296851888,0.0061238,130.1815892#63.042796564936594,339.62297398955957,485.8652264945444
296851783,0.0060094,130.1138829#86.96787677717403,183.91122681416715,198.3505655704936
296851785,0.0060094,130.113101#86.96787677717403,126.08809931871323,270.4650411332035
296851620,0.0058921,130.0939843#1906.7049491762766,2036.316663373336,2126.3206388967005
296851886,0.0062354,130.1785378#165.39910582202629,259.202871017194,339.62297398955957
296851719,0.0065567,130.1375736#229.9556395569701,474.84222624445016,554.7364812139804
296851754,0.0067522,130.1275265#199.54352536564545,371.26006360304075,485.3896644845506
296851718,0.007104,130.1395673#229.9556395569701,805.7724610879527,862.0452020481052
296851752,0.007104,130.1257673#175.0169885811561,199.54352536564545,675.3776784525581
296851621,0.007495,130.0940234#225.97989186917934,480.3770164666082,3374.397160184238
296851728,0.007495,130.1318268#80.17499177413575,485.3896644845506,675.3776784525581
296851730,0.0079641,130.1323741#80.17499177413575,717.3990695357221,741.0511103639159
296851750,0.0078077,130.1243599#175.0169885811561,371.26006360304075,831.243922037166
296851632,0.0081987,130.0982846#149.9354524634823,294.71814984665497,385.99413010939
296851716,0.0086287,130.1394891#78.37959909725451,794.8203395842258,1676.1051345290289
296851622,0.0085114,130.0922642#58.50087093980708,225.97989186917934,301.87444132526156
296851630,0.0085896,130.0969945#149.9354524634823,236.29351829519075,422.49723533959815
296851715,0.0086678,130.1387855#78.37959909725451,144.80316917598077,717.3990695357221
296851623,0.0088633,130.0926551#58.50087093980708,253.12935405298143,483.614690647143
296851624,0.0090587,130.0949225#236.29351829519075,253.12935405298143,301.87444132526156
296851637,0.009176,130.1007475#294.71814984665497,422.49723533959815,648.0247883831485
296851741,0.0093715,130.1244381#185.76274890374043,248.45461576441573,339.6046054676684
296851748,0.0095278,130.1222098#248.45461576441573,312.40430846669653,427.54828624273716
296851713,0.0096451,130.1379254#144.80316917598077,846.7843734851729,1170.6558509088986
296851739,0.0098406,130.126041#154.39888794187453,185.76274890374043,329.11613126939824
296851747,0.0099579,130.1194342#74.30447559125646,312.40430846669653,343.8405005917019
296851640,0.0101533,130.1027412#276.1398657791073,661.2289798963197,716.0930706039799
296851737,0.0100751,130.1274092#154.39888794187453,176.098175527879,327.1689789436083
296851732,0.0103097,130.1303413#164.60769776589848,327.1689789436083,481.1440528819909
296851657,0.0104661,130.1052041#276.1398657791073,440.23027636701784,575.5838523285968
296851743,0.0104661,130.1224835#343.8405005917019,365.4891208676041,401.7574340182694
296851627,0.0105052,130.0956653#136.18860753214543,787.9991361938122,1060.9747319904914
296851736,0.0106225,130.1288948#164.60769776589848,176.098175527879,329.11613126939824
296851745,0.0105834,130.1191996#74.30447559125646,365.4891208676041,413.42324800506975
296851664,0.0107397,130.1091526#140.49821855946087,167.05688194479342,427.46981847978924
296851629,0.010857,130.0968381#136.18860753214543,661.2289798963197,931.5347721369376
296851675,0.0112089,130.1103254#52.17627730010031,109.74710959683475,140.49821855946087
296851681,0.0115216,130.115603#114.80082866772831,296.19537933313535,400.0366556040017
296851678,0.0113652,130.1129446#276.1491479454674,291.84228263434727,293.3941823143846
296851683,0.0115216,130.1191996#400.0366556040017,459.8629391115577,695.9382071929305
296851734,0.011678,130.1294421#408.1292450764979,983.8590160238256,1139.3685971052846
296851672,0.011678,130.1103254#52.17627730010031,91.73012621100716,167.05688194479342
296851668,0.0117562,130.1095044#91.73012621100716,109.74710959683475,385.1043510883775
296851628,0.0118735,130.0953916#834.8761786136381,1569.7693132504448,1661.174244954003
296851644,0.0119125,130.1028976#735.055794175528,826.5786284375457,829.8652767824508
296851711,0.012108,130.1382772#983.8590160238256,1379.370707933126,1840.60969681855
296851680,0.0124599,130.115173#114.80082866772831,276.1491479454674,459.8629391115577
2142360698,0.0124881,130.8882298#26.75825809326081,62.430731778291744,68.94519737034744
2142360697,0.0124821,130.8879893#26.75825809326081,63.29159474137649,66.29398291957251
296851692,0.0125771,130.1258846#408.1292450764979,461.2389910080062,1191.4833751294748
2142360699,0.012712,130.8906237#48.09496631734783,49.915775265864035,59.401942059183284
1635259350,0.0128502,130.8939414#78.49788196391917,83.0849869050366,109.7656901657414
296851691,0.0127335,130.1217407#461.2389910080062,731.1348223587494,1840.60969681855
1635259351,0.0129086,130.8927989#28.493168763553413,50.02828343382372,57.19997283968417
1635277020,0.0129653,130.8932451#20.086174856753264,50.02828343382372,75.82210737786409
1635259353,0.012963,130.8949218#93.84092566244657,109.7656901657414,120.40508792735214
1635277029,0.0130133,130.8925651#28.493168763553413,42.00061336057816,75.82210737786409
1635259357,0.0131546,130.8909894#25.19246151657655,35.741829259556006,37.023735167223926
1635304368,0.0130471,130.8881791#17.88918637989839,23.283310186087515,32.20667206423624
1635277032,0.0131456,130.8932553#20.086174856753264,57.19997283968417,77.22315340888302
1635304372,0.0130508,130.8879698#23.283310186087515,31.255783598699743,35.36057550767886
1635270278,0.0133004,130.8878407#4.527253733981639,23.514892407433834,30.162969794578558
1635259359,0.0131678,130.8882854#16.63013857000949,17.88918637989839,37.43759644175642
1635277034,0.0132195,130.8912064#23.84016719067702,25.19246151657655,59.77520496138751
2142360700,0.0132801,130.8906011#8.457444948271888,45.38895227014986,63.237665416087204
1635277046,0.0133173,130.8882832#16.63013857000949,25.546695637219702,32.20667206423624
1635259360,0.0133461,130.8956735#27.011787938148295,28.78794282476666,40.789737858272964
1635277057,0.0133888,130.892605#42.00061336057816,57.600776482563255,77.22315340888302
1635277050,0.0133411,130.8878402#4.527253733981639,22.1690167218561,27.138035059898964
1635259363,0.0134003,130.8960362#19.594460569444063,28.517221226651333,35.75354379288206
1635277053,0.0133794,130.8876446#12.360895265913747,22.1690167218561,23.514892407433834
1635259365,0.0134399,130.8963552#29.839392654607355,35.75354379288206,44.147190867908535
1635259368,0.0134774,130.8958778#9.904142083497788,19.594460569444063,27.011787938148295
1635304385,0.0134338,130.8912023#23.84016719067702,39.05281030312737,56.76147000294742
1635277066,0.0135421,130.891701#56.76147000294742,65.68006474625197,79.18957590567459
1635277061,0.0134905,130.8876473#12.360895265913747,27.138035059898964,30.162969794578558
1635304386,0.0135176,130.8881708#23.90484606109808,25.546695637219702,40.94175031674651
1635259377,0.0136296,130.8965449#17.18703621899794,29.839392654607355,32.73773898914873
1635304387,0.013566,130.8879614#23.90484606109808,28.415979481107804,32.44910104848917
1635259370,0.0135524,130.8958298#9.904142083497788,28.517221226651333,28.78794282476666
1635259379,0.0137839,130.8965532#15.57742300489725,17.18703621899794,44.147190867908535
1635270283,0.0139266,130.885102#15.722483829492768,91.76556825110404,115.98555649316589
296851710,0.0139063,130.1397628#82562.84155685031,82672.29301932432,82751.15436122459
1635259382,0.0139239,130.8965494#15.57742300489725,32.73773898914873,58.00532549195591
1635277070,0.0140667,130.8850832#15.722483829492768,82.21163818006845,107.09421516198385
1635277084,0.0143151,130.8904842#24.14267626114463,61.855159720378985,111.6395920313288
1635277076,0.01422,130.8914834#79.18957590567459,92.86751175060496,103.77235219441403
1635259384,0.0140623,130.8830426#97.46720003549167,98.47471191794186,115.55207248614641
1635277073,0.0142068,130.8839069#38.8075338877445,42.24779947378807,43.46475126698697
1635304388,0.0143854,130.8844163#25.130064701453993,47.833033097431645,60.04021295303675
1635304389,0.014449,130.8841995#22.868062405994117,25.130064701453993,42.24779947378807
1635277088,0.0145716,130.8837668#19.184931936153834,27.79272250578147,42.32521868328419
1635277086,0.0145319,130.8904736#24.14267626114463,43.249200879982936,117.55196299828722
1635304392,0.0145387,130.8840145#22.868062405994117,27.79272250578147,28.55001648664741
1635270285,0.0146521,130.8820582#127.6395503729306,175.88053778250148,190.25213128855387
1635304394,0.0147275,130.8838406#19.184931936153834,26.869066035151903,28.55001648664741
1635277090,0.0148015,130.8907538#43.249200879982936,61.855159720378985,99.44326371383515
1635304396,0.0149518,130.8837509#26.869066035151903,42.32521868328419,54.50505773866679
296851700,0.0152746,130.141522#367.0111902305714,486.94557044524674,736.1866606661641
1635277092,0.0153937,130.8834548#20.50586948843798,59.164763162383714,85.62724204367328
1635277098,0.0155522,130.8879782#93.51568352433131,117.62302304758254,133.54411864393865
1635277095,0.0155311,130.8869209#64.18004857782128,117.62302304758254,144.63461302445424
1635304399,0.0155598,130.8835348#20.50586948843798,71.77014588108558,98.62440005698917
1635277102,0.015695,130.8907855#46.550497614084875,99.44326371383515,133.8760735032673
1635270288,0.0157143,130.8806635#312.50721916100133,319.8261856179253,353.7180325358412
296851699,0.0160565,130.1383163#80.87959806909411,121.82599904002912,367.0111902305714
1635277105,0.0159963,130.8890937#44.71273041866579,48.50641823101399,106.0352349995236
1635277132,0.0160915,130.8867834#64.18004857782128,88.84013937008139,114.09787140243398
1635277136,0.0161126,130.8857578#114.09787140243398,144.63461302445424,154.30837062142012
1635277124,0.0160439,130.8886602#48.50641823101399,80.38629073973468,93.51568352433131
1635277128,0.016065,130.8905899#46.550497614084875,69.79270033124732,113.96190672742713
296851696,0.0160956,130.1372217#95.76002969675912,121.82599904002912,252.1945991938251
296851695,0.0160956,130.1349543#172.02034644716633,252.1945991938251,331.7484967483334
1635277139,0.0163084,130.8933663#86.43253282371471,91.1906720115856,96.06457701644293
1635277141,0.0163241,130.8893264#44.71273041866579,62.353911641718376,80.38629073973468
1635277142,0.0163401,130.891886#37.08056745303122,45.48035245871087,63.24036467507201
1635277143,0.016356,130.892219#37.08056745303122,68.61451872959412,76.87724106911595
296851693,0.0165256,130.1334687#172.02034644716633,420.16342158657886,491.5266555602931
1635277144,0.0166044,130.891574#30.504180699159782,45.48035245871087,72.43295125288101
1635277152,0.0166519,130.8903679#67.07718229019979,69.79270033124732,121.4444470680387
296851698,0.0166429,130.1378863#80.87959806909411,95.76002969675912,331.7484967483334
1635277157,0.016673,130.8897652#62.353911641718376,67.07718229019979,106.0352349995236
1635270290,0.0167066,130.8795002#124.49549644316981,167.52885514730806,270.0644372973756
1635277161,0.0167789,130.8958986#26.048403323029447,49.068266064667,81.1462150507158
1635277166,0.0167948,130.8926526#66.52538068841568,68.61451872959412,69.23125041608586
1635277169,0.0168053,130.8961313#26.048403323029447,32.551960094589866,72.97908788979507
1635277172,0.0168212,130.894006#39.53335315673805,75.06728811585108,91.1906720115856
1635277192,0.0168795,130.8869139#70.02844234137461,88.84013937008139,95.89175381583719
1635277175,0.0168346,130.8875419#70.02844234137461,98.28745508051828,118.10539804022234
1635277178,0.0168635,130.8916639#30.504180699159782,47.34780081020924,63.24036467507201
1635277196,0.0170644,130.8931865#49.06118338596128,66.52538068841568,78.89070433926696
1635277197,0.0170855,130.8962158#32.551960094589866,42.251485280940216,49.068266064667
1635277198,0.017149,130.8941434#38.97378813762353,39.53335315673805,106.84763306194073
1635277199,0.0172494,130.8914842#33.16792004785249,47.34780081020924,59.47009432364887
1635304401,0.0172912,130.8832236#42.58606940687584,43.84924024612144,80.58064883086811
1635277200,0.0173763,130.8928746#35.875339102031226,42.080363189136655,49.06118338596128
1635277207,0.0174292,130.8912463#32.392932222439995,33.16792004785249,78.20772015726666
1635277203,0.0174033,130.8820406#27.711302682961215,35.79264649499482,53.33026539418915
1635277226,0.0174773,130.8818027#27.711302682961215,55.250380974207246,60.20436152255803
1635277210,0.0174609,130.8961577#21.378434359471864,42.251485280940216,66.52595942114272
1635277232,0.0174926,130.8940747#38.97378813762353,75.06728811585108,109.67246811433415
1635259387,0.0174598,130.9003324#395.3255975888871,425.7180419654212,459.76313168561086
1635277229,0.0174851,130.88814#62.123166973205095,92.27586437251004,98.28745508051828
1635277235,0.0174948,130.8807837#41.71172456781131,64.69271550651848,87.53492570988477
1635277239,0.0175225,130.88574#41.75111461728894,73.85081994110473,82.1670294357777
1635277281,0.0177998,130.8823102#20.306936050886982,53.33026539418915,66.88047244558321
1635277279,0.0177841,130.8860092#41.75111461728894,78.02116178378994,81.76651429170751
1635277293,0.0178284,130.8900319#41.16119569822668,87.4164757213662,97.61969697921216
1635277263,0.0176935,130.8926684#22.353145684211313,42.080363189136655,90.64738079949987
1635277244,0.0175613,130.8959938#21.378434359471864,55.396679318113804,58.39855788867864
1635277275,0.0177243,130.8867419#56.57175271424259,78.4813459196589,81.76651429170751
1635304403,0.017685,130.8832421#21.456898202007682,36.761443705923746,43.84924024612144
1635277266,0.0176988,130.8928693#22.353145684211313,35.875339102031226,78.89070433926696
1635277273,0.0177237,130.888645#30.661139280690232,62.123166973205095,63.62309877673868
1635277248,0.01762,130.8822785#20.306936050886982,35.79264649499482,55.250380974207246
1635277269,0.01772,130.8912304#32.392932222439995,59.47009432364887,106.77233471276915
1635259390,0.0176527,130.8785625#74.87394451320648,82.5898384272708,86.09433339840909
1635277260,0.0176353,130.8830557#21.456898202007682,42.58606940687584,46.970513983666656
1635277251,0.0176323,130.8811326#41.71172456781131,46.83505008592016,76.50068018832462
1635277277,0.0177835,130.8889141#30.661139280690232,34.270459537597645,62.0724635533867
1635277246,0.0175741,130.8802075#60.21755869376135,64.69271550651848,73.32041848231363
1635277296,0.0178596,130.8797475#30.86639210560106,59.89839943810978,60.21755869376135
1635277298,0.0179112,130.8852017#26.039901444838478,73.85081994110473,90.92102768310761
1635277297,0.0178966,130.8814604#46.83505008592016,60.20436152255803,84.70577183603791
1635277299,0.0179629,130.8891646#28.44712542253061,34.270459537597645,63.62309877673868
1635277301,0.018053,130.8960731#53.24600041845303,55.396679318113804,66.52595942114272
1635304407,0.0180155,130.8832395#11.789415177220594,22.651609907334997,36.761443705923746
1635277306,0.0180863,130.8897665#41.16119569822668,50.24898419363443,68.3396167901263
1635277304,0.0180571,130.8965518#44.66819027883119,53.24600041845303,79.49137733736256
1635277308,0.0181206,130.8853064#26.039901444838478,82.1670294357777,86.66809439113393
1635304409,0.0181212,130.8832474#11.018977677808154,11.789415177220594,48.520511822027096
1635270292,0.0181672,130.8780271#10.035334340054154,12.294214317294482,22.02180646554158
1635277317,0.0181239,130.8796629#30.86639210560106,54.21405808636422,86.07432688012543
1635277319,0.0181648,130.8893216#28.44712542253061,50.24898419363443,62.0724635533867
1635259391,0.0182093,130.8779473#10.035334340054154,16.34178748011988,24.020453323408134
1635277322,0.0182926,130.8968771#44.66819027883119,55.75308789229495,93.31247784137541
1635277320,0.0182297,130.8801387#54.21405808636422,59.89839943810978,73.32041848231363
1635304412,0.018219,130.8832316#11.018977677808154,22.651609907334997,59.40634775507548
1635270295,0.0182293,130.8782151#14.953031501774468,22.02180646554158,29.86936425998595
1635277321,0.0182327,130.886727#36.608785085232675,56.57175271424259,94.14761300437637
1635259393,0.0184179,130.8780032#24.020453323408134,28.010869871138695,31.552144449839435
1635277323,0.0183524,130.8864204#36.608785085232675,78.02116178378994,78.4813459196589
1635259392,0.018756,130.9053435#326.5125118836858,923.8134541475125,943.0961606954841
1635277324,0.0187674,130.8970378#55.75308789229495,95.72718714208214,133.5185660125724
1635304414,0.0188575,130.8829489#31.189786587547665,40.2807591542121,77.66765400063198
1635277325,0.0188836,130.8826697#31.189786587547665,41.05033209817738,88.8887311371148
1635277331,0.0190181,130.8803436#56.93796273903941,61.64136555192325,65.16662209428873
1635277338,0.0191164,130.895284#98.29935363254845,99.41617610353711,198.89357314068624
1635277332,0.0190704,130.8796258#14.977029919409249,75.04564411021008,78.51860206549387
1635259394,0.0190721,130.902425#168.1963054736041,326.5125118836858,600.156182745508
1635277335,0.0190742,130.8797604#14.977029919409249,64.47809738749046,65.16662209428873
1635304418,0.0192058,130.8828497#40.2807591542121,41.05033209817738,53.081057456331
1635277341,0.0195041,130.8801828#7.102652960855863,56.93796273903941,67.03505180294056
1635277344,0.0195265,130.880123#7.102652960855863,61.64136555192325,64.47809738749046
1635277347,0.01955,130.8945139#29.772787878461525,98.29935363254845,207.69513916136475
1635270299,0.0195469,130.8777356#31.511081876746687,56.93774671284708,206.63601172977974
1635304421,0.0196764,130.8827704#38.37967252450618,53.081057456331,85.46724854495503
1635270301,0.0197845,130.8775813#29.661815458661028,31.511081876746687,216.9391031708308
1635277349,0.0197668,130.8946709#29.772787878461525,99.41617610353711,101.69497790815092
1635277350,0.0199054,130.8919585#29.40303235588574,80.56986181938244,93.97740681195725
1635277354,0.019916,130.8926828#37.4148553076067,80.56986181938244,84.80413278132889
1635259395,0.0199487,130.9036572#168.1963054736041,935.9099825380034,999.7179692844762
1635304424,0.02002,130.8828021#38.37967252450618,47.50108425136629,90.71511671479212
1635270307,0.0200472,130.8776272#29.661815458661028,56.93774671284708,208.74376536560536
1635277356,0.0201209,130.8795025#40.841833515747645,59.91767763302588,75.0120226630844
1635277358,0.0201216,130.8800412#34.49541894517575,41.820272071658394,48.696494198615916
1635277360,0.0201697,130.8919638#29.40303235588574,84.80413278132889,85.7210949561183
1635277364,0.0202749,130.8803108#34.49541894517575,37.070365422349255,59.168028040264346
1635277362,0.020249,130.8927304#37.4148553076067,85.7210949561183,93.97740681195725
1635304427,0.0204293,130.882924#47.50108425136629,55.028654070834946,85.46724854495503
1635277366,0.0204177,130.8797187#39.22198458896733,40.841833515747645,48.696494198615916
1635277368,0.0204763,130.8899469#226.90960792312998,232.5790660994911,310.6200281915455
1635277370,0.0204771,130.8940952#101.69497790815092,153.9072150223676,169.03867342430945
1635277377,0.020497,130.8800623#37.070365422349255,39.22198458896733,41.820272071658394
1635277379,0.0207507,130.8805487#59.168028040264346,61.017419138752224,63.23024619980895
1635304429,0.0208602,130.8831671#53.723138924063186,55.028654070834946,84.65238743800546
1635307532,0.0209621,130.8798765#44.73929056910735,55.70648369766027,63.04406789590175
1635304431,0.0212805,130.8834051#36.180416720317325,53.723138924063186,58.71965537599098
1635277381,0.02129,130.8807285#50.397537406122865,63.23024619980895,67.33485872069875
1635307533,0.0212798,130.8801232#21.105311016170106,37.42221819200707,44.73929056910735
1635277383,0.0213799,130.8802844#21.105311016170106,28.670942772009596,50.397537406122865
1635277382,0.021372,130.8826038#40.88357780003111,68.12113524792849,84.65238743800546
1635304437,0.0215158,130.8836297#22.59224906466123,25.0081071370321,36.180416720317325
1635277385,0.0216125,130.8801733#28.670942772009596,37.42221819200707,39.461900550628826
1635277384,0.0216099,130.8823236#34.113119266554726,40.88357780003111,125.52040561984238
1635304442,0.0216744,130.8837566#11.117082176986118,20.642800004425865,22.59224906466123
1635277386,0.0217355,130.8836775#11.117082176986118,19.763627682889343,25.0081071370321
1635277387,0.0218081,130.8798773#39.461900550628826,44.55651207020461,53.24757532069923
1635304447,0.0218515,130.8838121#19.763627682889343,20.642800004425865,42.49432152927515
1635277394,0.0219614,130.8795072#22.25879223336072,44.55651207020461,68.46840146716339
1635277392,0.0219166,130.8823236#34.113119266554726,68.12113524792849,91.82932372627972
1635270309,0.0219861,130.8772853#247.14906219496336,252.53842264283955,252.5550236319829
1635277396,0.022157,130.8795495#22.25879223336072,46.47420065191732,53.24757532069923
1635304450,0.022211,130.8858528#10.455370639844865,11.170867801047608,155.50222213766799
1635304453,0.0222136,130.8857524#10.235941982797367,11.170867801047608,145.29268547047982
1635277398,0.0222906,130.8858028#10.235941982797367,10.455370639844865,146.8744312312342
1635304456,0.0224357,130.8837936#10.602676743858105,13.581756344623665,57.08571862835808
1635277400,0.0223329,130.8837277#13.581756344623665,24.183443092190366,54.36105070568715
1635304459,0.022515,130.8838465#10.602676743858105,24.183443092190366,57.9076604801687
1635277402,0.0225747,130.8795601#42.081928367311114,46.47420065191732,68.46840146716339
1635277404,0.0225986,130.8818583#17.41172985549088,86.09850757649707,91.82932372627972
1635277406,0.0227268,130.8833709#57.08571862835808,57.9076604801687,59.11378547135329
1635304461,0.0227899,130.8844941#9.714364340785966,20.038495124790643,50.621159780948666
1635277409,0.0227519,130.8818266#17.41172985549088,70.27350699847538,108.10920439961983
1635304464,0.0227925,130.8845814#9.714364340785966,14.022540895030183,48.11061337428907
1635307534,0.0228985,130.8793644#36.93117238940088,42.081928367311114,67.71323020525017
1635277410,0.0229092,130.8846291#14.022540895030183,20.038495124790643,34.7115247559183
1635277411,0.0230346,130.880102#19.291973598439895,51.88183138434009,79.0539673499029
1635277412,0.0231667,130.8799896#19.291973598439895,32.75123290414341,64.90900474641884
1635304471,0.0231864,130.887764#12.50188444121454,15.73768154006756,35.63231263706678
1635277414,0.0232053,130.8876532#10.671337245974772,12.50188444121454,40.93060487300688
1635304466,0.0231097,130.8876451#10.671337245974772,15.73768154006756,49.7618289649225
1635270312,0.0231285,130.8768725#84.51594064661386,108.88502998093317,173.06265513181887
1635277416,0.0232211,130.8846397#34.7115247559183,48.11061337428907,48.670165948040506
1635307535,0.0232275,130.8794092#36.93117238940088,39.69516536401406,42.10364726199113
1635277420,0.0233599,130.8819984#70.27350699847538,86.09850757649707,106.73483084811807
1635277418,0.023357,130.8797649#32.75123290414341,42.10364726199113,51.88183138434009
1635277422,0.0234062,130.8842432#48.670165948040506,69.98672110301887,74.01162388441722
1635307536,0.023478,130.879155#39.69516536401406,57.42738085664572,61.93218513324168
1635304487,0.0234745,130.8879041#31.106079913222484,35.63231263706678,40.93060487300688
1635304489,0.0236992,130.8880706#31.106079913222484,35.27807707576417,66.4541221026837
1635307537,0.0236462,130.8786242#16.502874149926917,61.93218513324168,64.95284459809398
1635277430,0.0238851,130.8806922#29.12346611378028,38.83527077364489,60.96146876548908
1635307538,0.0237583,130.8787214#16.502874149926917,57.42738085664572,64.24240032455123
1635270314,0.0238415,130.8766098#26.954004037130048,46.25049772508421,84.51594064661386
1635304492,0.0239424,130.8882742#35.27807707576417,36.323302051839875,59.09899344774772
1635277432,0.0239441,130.8812371#55.10131559981487,60.96146876548908,65.83001492790072
1635270316,0.0239999,130.8764264#23.66245482116072,26.954004037130048,108.88502998093317
1635307539,0.0240013,130.8781606#24.481008899106982,34.89826047438953,54.2226183063842
1635277433,0.0241467,130.880681#16.93120932287002,29.12346611378028,40.412599803675604
1635277434,0.0241738,130.8791226#64.24240032455123,77.47514782749334,80.72644249844036
1635277435,0.0242103,130.8808193#16.93120932287002,29.953749672391744,38.83527077364489
1635270319,0.0242126,130.8764222#23.66245482116072,46.25049772508421,105.62619393197767
1635304495,0.0241935,130.888483#23.80923705385347,36.323302051839875,46.40862587531057
1635307540,0.0242182,130.878198#16.378231878712608,24.481008899106982,31.886813185284918
1635307541,0.0243041,130.8780784#16.378231878712608,20.003954888669977,34.89826047438953
1635304499,0.0243971,130.8885491#23.22600191409963,23.80923705385347,50.19498068467893
1635307543,0.0244948,130.8778055#31.623946652169852,37.03033593506622,39.646775899325256
1635277436,0.0244795,130.8808268#29.953749672391744,40.412599803675604,67.78682278106783
1635307542,0.0244836,130.8780896#20.003954888669977,31.623946652169852,31.886813185284918
1635304501,0.0246059,130.8885464#23.22600191409963,27.21416762755716,46.40862587531057
1635307544,0.0248425,130.877727#14.542902412149262,19.747941110857507,39.646775899325256
1635277437,0.024795,130.8796909#93.64533268820011,131.12490561937273,131.63254530221613
1635304503,0.0248464,130.8885914#26.173156084396542,27.21416762755716,45.30149524013835
1635259396,0.0249676,130.9019819#1489.1410886759713,1489.4372061349125,1494.9228156533748
1635307545,0.0249546,130.8777943#14.542902412149262,20.52841591408266,51.157042128045696
1635307546,0.024977,130.8776111#19.747941110857507,20.52841591408266,35.809215397572615
1635307547,0.0250481,130.8772971#18.464912417332854,28.26393283048905,35.809215397572615
1635304506,0.0250817,130.888594#19.6303244115181,26.173156084396542,46.59755832665965
1635270321,0.0250757,130.8760261#101.67720385811229,105.62619393197767,112.45390401334816
1635307548,0.0251901,130.8772111#9.999514114429239,18.464912417332854,20.41901425167682
1635307549,0.0252761,130.8771849#9.999514114429239,11.191563918307263,25.55970910882876
1635304507,0.0252509,130.8885438#19.6303244115181,27.239332938655345,45.30149524013835
1635307550,0.0253434,130.8771101#11.191563918307263,16.26457752125273,20.41901425167682
1635304509,0.025465,130.8884249#24.629425072211994,27.239332938655345,46.59755832665965
1635307551,0.0254892,130.8770989#16.26457752125273,19.807686087040025,25.55970910882876
1635307552,0.0255432,130.8769292#19.807686087040025,29.978510650269595,30.245248085384606
1635304512,0.0256685,130.8883376#24.629425072211994,34.51875048491927,51.80189335382842
1635307553,0.025789,130.8768129#30.245248085384606,30.82286420410049,32.59095695396614
1635307554,0.0258419,130.8765247#10.79693279097435,20.504674981406456,32.59095695396614
1635307555,0.0259265,130.8765723#10.79693279097435,14.030350552822537,30.82286420410049
1635304525,0.0259593,130.8882292#34.51875048491927,46.87693588253844,59.131314414138366
1635307556,0.0260232,130.8764913#14.030350552822537,19.98737376002586,20.504674981406456
1635270322,0.0261055,130.8755216#37.70552888309032,63.021077672944195,66.179757765225
1635307557,0.0262029,130.8764913#18.119955155093983,19.98737376002586,32.03588197871255
1635307559,0.0263351,130.8763961#18.119955155093983,31.30364259565374,36.271496643562585
1635270332,0.0263932,130.8753423#28.509133774264594,37.70552888309032,53.27458954227408
1635304527,0.0263358,130.8880398#28.611533318127716,46.87693588253844,76.89309883989412
1635307558,0.0263087,130.8761159#26.814105010422935,31.30364259565374,43.38095013980464
1635270325,0.0263849,130.8745584#19.41666551598332,28.679250308436725,29.51319485151297
1635304530,0.0265573,130.887909#28.611533318127716,61.218985640817365,66.10412188935064
1635307561,0.0266417,130.8745352#16.948762738180577,22.90083488971225,26.61301195855969
1635307568,0.0268109,130.8755767#14.213946091001857,17.2976154298364,24.79015125204295
1635307560,0.026499,130.8759679#26.814105010422935,46.84203163519766,50.99681242151642
1635259411,0.0266515,130.9006675#80.14589750885303,1382.9129594693115,1385.607112808279
1635307562,0.0267422,130.8747149#22.90083488971225,23.03330771120992,32.92827459174181
1635270343,0.0266851,130.8742999#15.992108536753154,19.185177087033907,26.61301195855969
1635270334,0.0264891,130.8751046#28.509133774264594,37.53140000728061,51.68443723106573
1635307570,0.0268268,130.8757035#14.213946091001857,29.394005026934515,37.81837386654551
1635270341,0.0265475,130.8742582#6.52253077762598,15.992108536753154,21.11730827889231
1635259408,0.026543,130.8747715#23.03330771120992,28.483363354003387,29.51319485151297
931544524,0.0269978,130.888239#61.218985640817365,71.98370201036781,76.89309883989412
1635307571,0.0268955,130.8753705#8.839925593067168,24.79015125204295,27.281840618675364
1635307573,0.0269748,130.8750057#20.311624558902995,27.36437478755214,33.68060571549349
1635307572,0.0269008,130.8754498#8.839925593067168,17.2976154298364,29.394005026934515
1635270345,0.0269936,130.874475#26.561052695084136,36.559379404229745,38.65078712966312
1635304532,0.0270619,130.887595#66.10412188935064,71.98370201036781,83.68085140574847
1635307574,0.0270382,130.8747096#10.602676176524168,26.561052695084136,32.92827459174181
1635307575,0.0270435,130.8751749#20.311624558902995,27.281840618675364,34.450244677711375
1635307576,0.0270911,130.8747889#10.602676176524168,27.36437478755214,36.559379404229745
1635259416,0.0273033,130.9003603#76.02377685258382,80.14589750885303,1348.6358510711302
1635304534,0.0277348,130.8872585#63.060347842108705,83.68085140574847,109.71474687686194
1635259413,0.0279128,130.8743034#30.10356469691846,52.93688091363627,61.78011428251798
1635259418,0.0279755,130.9002365#45.307725965759325,76.02377685258382,91.45360401533635
1635270348,0.0281611,130.8741957#26.795577447776296,30.10356469691846,35.675493489027396
1635304537,0.0282358,130.8869931#46.671146136827055,63.060347842108705,89.95153725893947
1635270370,0.0282433,130.873722#5.412793130612616,12.506355953464276,20.05546733698229
1635270376,0.0282918,130.873718#5.412793130612616,19.376234698326286,20.400876828736124
1635270371,0.028257,130.8739747#9.00569338127852,14.739483532771114,26.795577447776296
1635270379,0.0283029,130.873908#7.8991222571732305,9.00569338127852,21.169035474871492
1635259420,0.0283529,130.9003898#45.307725965759325,51.411959510991046,102.33377500306378
1635270399,0.0283738,130.8739121#7.8991222571732305,14.739483532771114,23.436528163675852
1635270429,0.0285188,130.8734556#5.1809625742309455,38.591332484633796,42.62584587629533
1635259422,0.0285828,130.9007908#51.411959510991046,78.10440652295388,89.93705696397387
1635270431,0.0285822,130.874008#22.95417711888152,25.5160521349128,32.996656476766596
1635304540,0.0286133,130.8868099#44.1693660052126,46.671146136827055,82.04412354375057
1635270434,0.0287824,130.8740581#22.95417711888152,48.2612054896877,55.885039599976665
1635304543,0.0289087,130.8865445#37.9347260779837,44.1693660052126,71.96061278291803
1635304546,0.0291442,130.8862978#35.91709865289267,37.9347260779837,74.52406590833674
1635259429,0.0292845,130.8998355#49.87938450890617,59.11832331811009,91.11188366383182
1635259426,0.0292668,130.9002836#42.53294976305255,49.87938450890617,79.81034326266709
1635259424,0.0291961,130.9011328#35.73299241952278,47.53296489859211,57.503560743918456
1635259430,0.0293789,130.9006492#38.20989108657909,42.53294976305255,56.63316137283741
1635304550,0.029447,130.8861856#35.91709865289267,38.68154833907002,70.481352130072
1635259431,0.0295173,130.9011392#23.84658509097954,35.73299241952278,56.63316137283741
1635259439,0.0295794,130.8993933#59.11832331811009,77.1628681494111,104.9515077895544
1635259433,0.0295735,130.9009323#23.84658509097954,38.20989108657909,47.53296489859211
1635304552,0.029761,130.8860361#31.7998361772903,38.68154833907002,64.84771296002269
1635259441,0.0300716,130.8989044#77.1628681494111,84.77219989070441,135.60828569709452
1635304558,0.0300189,130.8859127#31.7998361772903,34.192888086833584,69.65115152360839
1635304563,0.0303255,130.8858903#34.192888086833584,35.608736170531536,58.53825598765389
1635259443,0.0303813,130.898208#74.11660765361543,84.77219989070441,159.17338041460147
1635304566,0.0306451,130.885909#23.035523238915715,35.608736170531536,69.65115152360839
1635259445,0.0307233,130.8976361#74.11660765361543,93.25140291197964,158.60179621788032
1635270438,0.0310131,130.8735911#68.27650228409584,1370.1309959117807,1370.686046299076
1635304569,0.0308488,130.8859464#23.035523238915715,58.53825598765389,92.38281506932015
1635270435,0.0304544,130.8738454#68.27650228409584,1339.7866980010847,1341.957554504176
1635259446,0.0313012,130.8970287#93.25140291197964,108.60308702243186,166.3554998402381
1635259449,0.0321208,130.896498#81.92758374209893,108.60308702243186,145.47589376639604
1635259451,0.0328166,130.8962563#65.57905157991692,81.92758374209893,99.48262443812862
1635270440,0.0329238,130.8732564#2558.222122348791,2558.756952413513,2572.1822957073805
1635259453,0.0334062,130.8962563#35.40145007183602,47.894433431465245,65.57905157991692
1635259455,0.0337039,130.8963689#16.91817853942419,35.40145007183602,44.97039950979285
1635259460,0.0337517,130.8965133#16.91817853942419,29.049134596549656,45.09643194191586
1635259457,0.0337222,130.8967728#25.76161354715085,29.049134596549656,43.211725391806354
1635259462,0.0337811,130.8969968#17.983237137768985,25.76161354715085,46.75867559420571
1635259468,0.033869,130.8971325#17.983237137768985,43.211725391806354,51.49401832891328
1635259470,0.0341134,130.8967393#17.37583385340984,24.523457498579457,32.01546169679101
1635259476,0.0341871,130.8965315#7.45319321433882,13.78195373160806,24.523457498579457
1635259477,0.034311,130.89653#13.78195373160806,18.98381121468517,32.01546169679101
1635259482,0.0346205,130.8962116#9.87696005432882,23.133111555918944,41.19756951292159
1635259480,0.0346132,130.8961231#9.87696005432882,17.659804089246606,37.027789667020244
1635259484,0.0347561,130.8960539#17.659804089246606,19.411446996250316,20.790475678883283
1635270441,0.0351207,130.8731126#2487.147807415426,2490.9021382276637,2501.604642189896
1635259502,0.0351382,130.8959892#7.3026248047523445,8.891793055906826,21.06798689924494
1635270483,0.0360581,130.8954205#7.6276688465117735,10.062369703215715,22.965115113994287
1635270481,0.0360553,130.8732069#65.87665881751829,2405.0616947738963,2417.234601514167
1635270486,0.036176,130.895251#5.8874362538214475,15.817126502813604,22.965115113994287
1635270491,0.0362425,130.8951253#12.77661737408817,15.817126502813604,38.713536937559276
1635270488,0.0362276,130.8952392#5.8874362538214475,12.77661737408817,27.605635868473907
1635270497,0.0366729,130.8949307#51.487258257599365,52.53761952838076,60.25391856174262
1635270493,0.0366332,130.8730772#60.981779356672035,65.87665881751829,162.19680840756243
1635270509,0.0371181,130.8948039#37.84439483291165,42.84575291685648,43.951744269442244
1635270511,0.0371786,130.8730212#60.981779356672035,141.88478646442704,188.0518844623366
1635270513,0.0372814,130.8752377#65.78822562824533,67.95151217009055,111.27336814001598
1635259525,0.0373656,130.8758428#53.47564018347333,67.95151217009055,122.27556623411267
1635270515,0.0374571,130.8947748#5.58047050440083,14.219949213854937,37.84439483291165
1635270520,0.0374878,130.8746834#47.2266949473163,65.78822562824533,129.67010239420176
1635270522,0.0375028,130.8948942#11.078230684874942,14.219949213854937,43.951744269442244
1635259527,0.0375032,130.8947946#5.58047050440083,11.078230684874942,42.84575291685648
1635270518,0.0374878,130.8742588#47.2266949473163,111.27336814001598,141.88478646442704
1635270524,0.0376529,130.8762283#53.47564018347333,68.86175422446038,117.67411627526653
1635259537,0.0377166,130.8952982#50.839852941486875,60.835055715621635,61.620403536482286
1635270528,0.0380539,130.8767#59.95122601804678,68.86175422446038,122.27556623411267
1635270537,0.0382254,130.895079#58.08785602323887,61.620403536482286,82.95888062317596
1635270540,0.0383639,130.8729858#6.982392437486756,9.736732859777849,48.67529341624905
1635259538,0.0384241,130.8730036#4.908723743117661,6.982392437486756,44.01288308627866
1635270545,0.0384258,130.8730477#4.908723743117661,9.736732859777849,46.84910413036523
1635259539,0.038486,130.8770222#59.95122601804678,127.9988836755527,183.96231336276904
1635270548,0.0385998,130.8947149#50.33000385969458,58.08785602323887,113.33172724468625
1635270554,0.0387847,130.8943019#50.33000385969458,66.09264645923203,73.41194487067779
1635270563,0.0388379,130.8726726#13.816879006042711,16.03968729076275,24.051139936622594
1635270583,0.0390961,130.8726564#5.237826887176286,15.091554591316237,22.18445983947188
1635270585,0.0391172,130.8726143#5.237826887176286,17.85805969838875,20.07272975871066
1635270594,0.0391568,130.8729127#15.821599527633474,23.923856403309763,29.29587623141342
1635270596,0.0392454,130.8939266#20.13525361289666,37.64301773771901,46.08304964958841
1635270601,0.039298,130.8784631#183.96231336276904,219.69939816100214,604.2522955989654
1635270599,0.0392632,130.8725475#17.85805969838875,22.18445983947188,25.711164195776853
1635270604,0.0393367,130.8730306#22.210900717784895,23.923856403309763,46.40908837245403
1635259540,0.0393891,130.8940367#20.13525361289666,31.926692924380717,47.59989699687468
1635270606,0.0394425,130.8724016#25.711164195776853,25.98774732896044,43.22991185444674
1635270609,0.0394508,130.8721681#21.13981422875561,25.98774732896044,32.38697777166136
1635270610,0.0395123,130.8913811#44.54434303696896,100.78604111860055,157.47617707284476
1635270626,0.0395415,130.8936368#19.159888016682725,46.08304964958841,47.59989699687468
1635270628,0.039543,130.8720019#13.699405685577146,21.13981422875561,28.990663374676263
1635270612,0.0395342,130.8730011#22.210900717784895,25.20833911712701,43.112988458618
1635270630,0.0395623,130.8938078#19.159888016682725,31.926692924380717,37.64301773771901
1635270631,0.0396123,130.8922817#56.85380277868061,100.78604111860055,141.08071582569994
1635259541,0.0396742,130.8910148#44.54434303696896,141.08071582569994,196.6268316090849
1635270632,0.039661,130.8719666#13.699405685577146,19.56656817711187,32.38697777166136
1635270633,0.0397023,130.8717956#19.56656817711187,28.813879439518043,28.990663374676263
1635270634,0.0397166,130.8927821#56.85380277868061,97.03959774451494,115.36850050798505
1635270636,0.0397259,130.8728802#20.999014725751884,25.20833911712701,35.7780490738307
1635270638,0.0398733,130.871601#27.554074610718207,28.813879439518043,47.02317567609806
1635270652,0.0399087,130.872833#14.85463045565157,20.999014725751884,44.14053171545194
1635259542,0.0400073,130.8803066#219.69939816100214,234.95397082923827,596.4336268041924
1635270659,0.040056,130.8705691#18.49140441313978,19.198464407354535,43.14141266296494
1635270656,0.0400325,130.8707401#19.198464407354535,32.133282523906075,33.478253320235275
1635270657,0.0400325,130.871029#19.06110548115844,32.133282523906075,41.981940687876495
1635270654,0.0400266,130.8714064#26.561222161600426,27.554074610718207,41.981940687876495
1635270658,0.0400325,130.8727829#14.85463045565157,33.51389026117345,35.7780490738307
1635270660,0.0401091,130.8711823#19.06110548115844,26.561222161600426,40.163769443176754
1635270664,0.0402491,130.8881136#273.974238941222,328.9643394222514,372.55720147103654
1635270662,0.0402035,130.8704924#18.49140441313978,26.011566472727974,33.478253320235275
1635270679,0.0402919,130.8729362#33.51389026117345,44.14053171545194,47.9233950292051
1635270681,0.0403332,130.8702978#15.096561803062032,26.011566472727974,38.576343043056475
1635270682,0.0403747,130.8823868#234.95397082923827,363.4956845316062,637.1240377163325
1635259543,0.0403965,130.8856548#273.974238941222,363.4956845316062,596.4336268041924
1635270689,0.0404737,130.8712603#23.15414798527402,23.226296203404743,31.285014774595258
1635270683,0.0404466,130.8709539#7.25013089571992,11.122631486096527,20.158999399689023
1635270686,0.0404688,130.8703037#15.096561803062032,24.973510212036032,27.28401207834663
1635270684,0.0404466,130.8710539#11.122631486096527,17.327368122172636,23.15414798527402
1635270692,0.0405175,130.8707871#11.923680288469935,13.380266982363178,20.158999399689023
1635270707,0.0405905,130.8714334#13.45370201664752,22.506728422258035,22.943975067571184
1635270709,0.0405926,130.8707106#11.923680288469935,12.741786044879063,31.55984710572686
1635270712,0.0406634,130.8701917#9.455107612891304,24.973510212036032,30.929803046015234
1635270716,0.040687,130.8706457#12.741786044879063,24.551612165535392,37.110092123465414
1635270714,0.0406811,130.8710703#26.146285076917643,29.119048670927477,31.285014774595258
1635270720,0.0407106,130.8702624#9.455107612891304,23.82921261170353,27.28401207834663
1635270722,0.0407224,130.8729539#13.870189646500585,26.7112867439861,33.243440754891516
1635270727,0.0407762,130.8728414#13.870189646500585,14.035564811694783,24.814597027611644
1635270740,0.0407931,130.8713946#13.989392223831649,16.85922947640516,22.20822149853058
1635270742,0.0408052,130.8715939#9.039278806930396,22.20822149853058,29.815367289532652
1635270744,0.0408846,130.8727768#14.035564811694783,14.641902599023783,26.7112867439861
1635270752,0.0409993,130.8728414#14.641902599023783,17.218448529256083,24.814597027611644
1635270750,0.0409553,130.8718211#9.187443538076892,19.070450226277288,30.287450553241857
1635270748,0.0409228,130.8702919#12.485147584495458,23.82921261170353,30.929803046015234
1635270745,0.040917,130.870404#12.485147584495458,27.840269009678266,36.78620680272196
1635270754,0.041029,130.8717838#9.187443538076892,19.02872925433752,32.64610283213922
1635270757,0.0410679,130.8719504#19.02872925433752,19.070450226277288,23.948714640555487
1635270773,0.0411536,130.8728539#17.218448529256083,17.876260256284272,29.917745602561403
1635270774,0.0412649,130.8720373#23.948714640555487,25.441344771408527,37.67656518340366
1635270834,0.0419229,130.872193#4.992129036127208,18.19160467858327,20.020308121218296
1635270813,0.0417623,130.872093#12.982212138798495,21.042764352355203,25.23605838762255
1635270816,0.0417769,130.8727351#9.57994374909993,10.032788698272483,21.824966305977608
1635270832,0.0419103,130.8725912#15.144583942882594,16.50387886537324,20.9332584927174
1635270864,0.042198,130.8723077#12.112295217232598,29.87649028476082,33.15143876765965
1635270778,0.0414851,130.8720992#12.798919169364714,24.81375932272895,25.441344771408527
1635270777,0.04141,130.8727726#14.60537656309793,20.24157687709333,25.30062519196066
1635270776,0.0413141,130.8728623#14.60537656309793,17.876260256284272,34.45572861966552
1635270835,0.0419395,130.8722347#4.992129036127208,16.712197252991675,25.23605838762255
1635270783,0.0415664,130.8724849#11.298415223522248,16.187434668499826,21.036154474380094
1308640512,0.0544566,130.095981#86335.61485218801,86336.81425845866,86346.44565045368
1640602302,0.0565908,130.7904678#23242.17342104329,62260.0744422232
1640602301,0.0557861,130.9994292#23242.17342104329,85469.60927786921,100487.30128837966
300620003,0.0934813,130.2319241#31.488251387811452,38.39752545129376,67.62549012213394
300620004,0.0936539,130.2321485#31.488251387811452,36.21639127501834,55.81190469837899
300620002,0.0936884,130.2316479#38.39752545129376,49.95502808874318,55.81190469837899
300620005,0.0938265,130.2324246#36.21639127501834,67.62549012213394,70.81784547380029
300620000,0.0941717,130.2318896#29.051008881569594,34.75936330019183,60.10316117694278
300619108,0.0943027,130.2302969#77.07985540176848,84.89202143866501,143.41268245661504
300620001,0.0941372,130.2316307#29.051008881569594,49.95502808874318,50.38164585252287
300619999,0.0944823,130.2319241#34.75936330019183,49.358082887002816,50.38164585252287
300619110,0.0944626,130.2310432#67.60932364062354,74.69910779410662,84.89202143866501
300620006,0.0946204,130.2324936#28.54563365984118,43.13642399143624,44.156858000725514
300620007,0.0947067,130.2327353#27.146455589555096,28.54563365984118,43.78324631192409
300619998,0.0949138,130.2318205#33.53042952286352,45.0589324190553,49.358082887002816
300620010,0.0952245,130.2324246#24.279820674022364,42.14585009305483,43.43775888034212
300619106,0.0949957,130.2302969#60.468591507795054,77.07985540176848,102.01085534628137
300619112,0.0949424,130.2314164#45.0589324190553,67.60932364062354,76.20835791903444
300620035,0.0952072,130.2385688#67.30122557540027,69.76838991763583,96.38579165941017
300620011,0.0950346,130.2320967#33.53042952286352,42.14585009305483,44.18710802449485
300620008,0.0949483,130.2327007#24.283312043420793,27.146455589555096,43.13642399143624
300620036,0.0952417,130.2391729#65.26761782071816,67.30122557540027,100.78021664029659
300620009,0.0950174,130.2324936#24.279820674022364,24.283312043420793,43.78324631192409
300619103,0.0955288,130.2301903#60.468591507795054,75.00259187374701,134.4282619934969
300620012,0.0955006,130.2318551#50.58720260219272,58.38338408702556,65.38097827150109
300619114,0.0957421,130.2314697#50.58720260219272,77.31173444054899,89.14504940355309
300620037,0.0958285,130.2391729#65.26761782071816,76.79055950617885,96.38579165941017
300620039,0.0958285,130.2384825#69.76838991763583,76.79055950617885,100.78021664029659
300619101,0.0961685,130.229977#72.38032738725454,75.00259187374701,125.78301382099336
300620027,0.0963291,130.2365323#35.28973778167568,58.499482131546,64.96005377484727
300619116,0.0963285,130.2310965#72.1326300774972,77.31173444054899,124.89538390154594
300619098,0.0965417,130.2294439#72.38032685672802,72.38032738725454,125.77523259000975
300620026,0.0965534,130.2363079#31.016394382588093,35.28973778167568,51.50775649245549
300620034,0.096657,130.236049#31.016394382588093,35.02404186097113,64.96005377484727
300620028,0.096726,130.2368774#54.36731251009178,58.499482131546,66.1885608064224
300619096,0.0969149,130.2289108#55.92805210252649,72.38032685672802,144.76065424398254
300620030,0.0969676,130.2361008#35.02404186097113,51.50775649245549,51.68710071121201
300620013,0.0969331,130.2344612#43.52241773238578,50.05449434723807,72.97869504080097
300619118,0.0969682,130.2312031#72.1326300774972,77.07898349934645,162.81792961435866
300620014,0.0968986,130.2349099#35.3939012271159,50.05449434723807,70.40505808468743
300620029,0.0970885,130.2365495#51.68710071121201,54.36731251009178,65.30250067550169
300620015,0.0971402,130.235117#35.3939012271159,37.28073829640985,70.40505798876357
300620025,0.097192,130.2341678#32.18539601170219,43.52241773238578,58.51517307738447
300617434,0.09722,130.2666593#103.99557370500408,159.08064154820838,174.14429351991961
300619094,0.0973413,130.2286443#55.92805210252649,75.93569377897859,125.77523259000975
300617432,0.0973974,130.2652401#84.22843092429837,156.89730979940217,159.08064154820838
300620016,0.0974682,130.235186#37.28073829640985,46.85576840843701,70.40505808468743
300620024,0.0974682,130.2340815#31.77681437189693,32.18539601170219,61.2144176037934
300617443,0.0975157,130.2681968#83.19434857360767,119.12794097747827,152.9796310038565
300617422,0.0975748,130.2638208#70.84806831505476,80.01539810245293,114.8707543095509
300620023,0.097589,130.2338226#31.77681437189693,58.51517307738447,71.02914236590136
300619120,0.0976079,130.2309366#77.07898349934645,109.0072972432982,238.14136107247072
300617447,0.0976339,130.2692613#73.53747527649617,119.12794097747827,122.34477796898138
300620017,0.0977098,130.2348409#46.85576840843701,48.14948427156181,70.40505798876357
300617419,0.0976931,130.2631112#80.01539810245293,94.16755868929623,117.66440401316703
300619091,0.0978744,130.2282178#74.2971956776133,75.93569377897859,148.70726608057208
300617454,0.0978705,130.2706214#69.91672006105874,81.35516597459167,118.56976760339691
300620018,0.0978824,130.2344439#40.71810799378889,48.14948427156181,61.2144176037934
300617429,0.0979887,130.264767#81.35786405859493,84.22843092429837,114.8707543095509
300617469,0.0978705,130.273933#72.35263028710771,111.62630354722722,115.05361326410748
300617467,0.0978705,130.2732825#72.35263028710771,79.20040323257585,139.84076356268005
300617456,0.0980479,130.271331#80.01550794221757,81.35516597459167,133.1828220576893
300617437,0.098107,130.266955#103.99557370500408,112.58721434975061,152.9796310038565
300617426,0.0981662,130.2640574#70.84806831505476,81.35786405859493,117.66440401316703
300619087,0.0981943,130.2276314#74.2971956776133,74.99898549380416,130.05051508813986
300620022,0.0982276,130.2338226#35.02404181671716,52.94795695360352,63.37219200213272
300620019,0.0982448,130.2343921#40.71810799378889,45.30187595689476,63.37219200213272
300617439,0.0982253,130.2679603#83.19434857360767,112.58721434975061,157.9890044250612
300617450,0.0982844,130.2693795#73.53747527649617,85.51068635592296,145.6013704637331
300617452,0.0982844,130.2701483#69.91672006105874,85.51068635592296,122.34477796898138
300619123,0.0983009,130.2302436#80.65572040707114,109.0072972432982,230.26152180116975
300617657,0.098314,130.2508968#56.16042768381155,69.03102296229638,138.0773054981568
300617473,0.0984027,130.27482#102.7364684965351,115.05361326410748,178.68760716746476
300619083,0.0984075,130.2269917#69.4144173404004,74.99898549380416,126.07003254369708
300617411,0.0983436,130.2618102#106.06019603772872,161.78544630425964,193.55469563875425
300617414,0.0984618,130.2627564#94.16755868929623,106.06019603772872,148.3934233597507
300617656,0.0984737,130.2504178#56.16042768381155,84.13963922893358,113.86419335653531
300620021,0.0985382,130.2338744#30.948364450486253,35.02404181671716,66.18631526598686
300617659,0.0985801,130.252387#100.81125545868552,106.71885133871818,168.3710668301773
300620020,0.0985727,130.2341505#30.948364450486253,45.30187595689476,52.94795695360352
300617463,0.0985801,130.2732233#79.20040323257585,99.5312056054919,111.62630354722722
300617658,0.0986333,130.251429#69.03102296229638,106.71885133871818,113.86419335653531
300617661,0.0986333,130.2532918#90.16805605282916,100.81125545868552,162.55260562099687
300617671,0.0986333,130.2563254#60.36606896539351,94.90486014589321,100.81392929376713
300617408,0.0986392,130.2600953#193.55469563875425,232.55345090155,296.6409479774476
300617461,0.0986984,130.2723363#99.5312056054919,125.14649228975797,133.1828220576893
300617672,0.0986865,130.257177#94.90486014589321,98.33645864748713,119.13178646333486
300617458,0.0987575,130.2712127#80.01550794221757,118.56976760339691,125.14649228975797
300617655,0.0989527,130.2498323#66.18162144560935,84.13963922893358,138.0773054981568
300617663,0.0989527,130.2540369#75.3455907785067,90.16805605282916,164.5717910941088
300617403,0.0989349,130.2580255#98.33645864748713,192.04811910687832,202.56051137939153
300619081,0.098994,130.2267784#69.4144173404004,73.34050099970149,121.65549576838727
300619125,0.098994,130.2304568#70.76592893737242,71.64280288117097,80.65572040707114
300617477,0.0991123,130.2754113#88.25203089801377,102.7364684965351,250.4585730825891
300617669,0.0991655,130.256219#60.36606896539351,65.39220893241232,119.13178646333486
300619079,0.0991539,130.2261387#72.13262991352953,73.34050099970149,126.07003254369708
300617666,0.0992188,130.2556335#65.39220893241232,85.3704786764476,100.81392929376713
300619129,0.0993164,130.2299083#42.96559454855289,70.76592893737242,89.47066175317009
300617664,0.0994317,130.2545159#75.3455907785067,90.34744594378672,126.5417761812476
300617479,0.0994671,130.276121#88.25203089801377,89.46451167882869,337.06186932374135
300617654,0.0994849,130.2495662#66.18162144560935,74.90331400612344,77.1820660318164
300619127,0.0995804,130.2301903#42.96559454855289,71.64280288117097,84.63065044119813
300619077,0.0997936,130.2260321#72.13262991352953,103.55593215021494,121.65549576838727
300617665,0.0998574,130.2552077#85.3704786764476,90.34744594378672,136.28972802627558
300617650,0.1000703,130.2499388#10.367058040236609,72.26004337239424,77.1820660318164
300619074,0.1000068,130.2251258#71.40259813867812,103.55593215021494,134.8789249272693
300619319,0.1001219,130.2189414#29.954585190271203,46.46214549487548,76.05309078815783
300619322,0.1001013,130.2197675#25.270586466100003,41.41119095413999,46.84613224825136
931541684,0.1,130.25#10.367058040236609,71.91114062628137,74.90331400612344
300619323,0.1001013,130.2199947#25.270586466100003,59.281778520535305,71.79723288184164
300619131,0.1000186,130.2295159#52.88453395851018,89.45483414214569,89.47066175317009
300617480,0.1001176,130.2765941#89.46451167882869,2333.5097520471218,2378.9034819188664
931540454,0.1,130.216667#109.71262843009688,136.84884357238707,140.18694078320902
300619328,0.1001632,130.2222976#70.67220155318972,82.08949952086974,131.15598905301312
300619320,0.1001839,130.2193545#34.14883467570991,46.46214549487548,46.84613224825136
300619330,0.1002252,130.22364#40.32595464670634,73.53952553560978,114.26245451587721
300619067,0.1003747,130.2239703#40.32595464670634,75.43762573775953,107.95912366344292
300619318,0.1003491,130.2187968#29.954585190271203,64.69505600757229,71.24565560682632
300619327,0.1002458,130.2216676#62.70344846092894,70.67220155318972,127.4004400143271
300619070,0.1004333,130.224646#71.40259813867812,75.43762573775953,114.26245451587721
300619134,0.1002871,130.2299083#52.88453395851018,64.48601527223722,84.63065044119813
300619329,0.1003904,130.2229998#73.53952553560978,82.08949952086974,107.95912366344292
300619321,0.1004111,130.219561#34.14883467570991,41.41119095413999,58.56555397641645
300619316,0.1003491,130.2178468#44.187755388991896,46.51478079945254,91.11449102470705
300617648,0.1004429,130.250471#71.91114062628137,72.26004337239424,77.1846580148636
300619326,0.1005143,130.2211719#62.70344846092894,64.84415269270792,131.15598905301312
300619317,0.1005763,130.2181979#46.51478079945254,71.24565560682632,78.23798910687816
300619315,0.100535,130.2174957#44.187755388991896,56.31935141850898,78.23798910687816
300619324,0.1007622,130.2199534#58.56555397641645,73.65287929235714,75.84671127591677
300619325,0.1007415,130.220635#64.84415269270792,75.84671127591677,100.70984078214832
300619136,0.1008654,130.229867#64.48601527223722,70.31895902273425,101.96132055972231
300619314,0.1010307,130.2173924#40.185623831410055,56.31935141850898,79.60911636303483
300617646,0.1011348,130.2504178#77.1846580148636,84.74683939860974,314.57600728028154
300619313,0.1013405,130.2175783#40.185623831410055,41.41116551642771,76.35504885065401
300619138,0.1013611,130.2294746#50.593585956632666,70.31895902273425,95.85516605984023
300619141,0.1013818,130.2290202#50.593585956632666,66.89521051364709,110.31819625473851
300619311,0.101547,130.2178881#37.03511646778688,41.41116551642771,79.60911636303483
300619307,0.1015057,130.2186316#44.60162983052203,46.85703698060395,58.56420700376048
300619305,0.1014231,130.219024#24.848565318920862,44.60162983052203,91.45749633535885
300619309,0.1015883,130.2182185#37.03511646778688,46.85703698060395,76.35504885065401
300619302,0.101609,130.2191479#24.848565318920862,58.56420700376048,75.83571081672598
300617605,0.101667,130.2546755#84.13102585116188,101.84404650346916,183.7876563998683
300617481,0.101596,130.2769489#113.16536741076305,2395.4500204169,2477.397507791118
300617643,0.1018266,130.2500985#71.28627417730591,84.74683939860974,156.28185145323513
300619143,0.1019601,130.228855#66.89521051364709,90.05157660862616,95.85516605984023
300617614,0.1020927,130.2530789#111.69575565952641,112.62803184726,180.725484288606
300617609,0.102146,130.2540901#84.13102585116188,112.62803184726,148.10466678914483
300619300,0.1022905,130.2191686#55.325929840870515,75.83571081672598,97.80912512115994
300617482,0.1021874,130.276121#113.16536741076305,194.34316553375166,291.94095711367845
300617600,0.1021992,130.2554206#101.84404650346916,129.82991089887662,148.10466678914483
300617641,0.1024653,130.2501517#71.28627417730591,101.33104169575091,120.73413984753343
300617635,0.1026782,130.2512161#60.9465016877419,120.73413984753343,131.43954579741313
300619298,0.1027862,130.2192099#55.18294971950798,55.325929840870515,991.4387678728303
300619145,0.1027655,130.2287724#90.05157660862616,115.62432055746781,1063.6026816878873
300617484,0.102897,130.2745243#97.7814736269836,187.082022530818,194.34316553375166
300617619,0.1029443,130.2525467#94.72020044632242,104.90273150321248,111.69575565952641
300617632,0.1029443,130.2516951#60.9465016877419,94.72020044632242,119.86438718922618
300617597,0.1030507,130.256219#84.7546253555897,119.87485811241433,129.82991089887662
300617486,0.1031927,130.2736964#92.08413966569051,97.7814736269836,212.31847696531636
300617488,0.1031927,130.2728685#92.08413966569051,126.51778338505265,187.082022530818
300619296,0.1032819,130.2191892#55.18294971950798,69.10822694840634,920.0784559341498
300617638,0.1033701,130.2502581#101.33104169575091,131.43954579741313,164.9053103736671
300619147,0.1035504,130.2280908#115.62432055746781,120.59338494890544,990.5410963538122
300617595,0.1037958,130.2563786#66.18652913875687,84.7546253555897,246.42976876623456
300617489,0.1037249,130.2718632#126.51778338505265,212.31847696531636,309.9774321816862
300617624,0.1038491,130.2522805#71.27507438539303,104.90273150321248,119.86438718922618
300617628,0.1039023,130.2516419#71.27507438539303,164.9053103736671,314.6876683584412
300619293,0.1038602,130.218962#63.697873384526204,69.10822694840634,939.0159636715116
300617592,0.104062,130.2558464#66.18652913875687,77.1735680675009,117.20249503960919
300619149,0.1043765,130.2273886#120.59338494890544,132.381484663191,920.0784559341498
300619291,0.1043765,130.2187142#63.697873384526204,88.64883244461804,295.3637239625234
300617584,0.1047006,130.2543562#59.196848491218205,83.7168993842173,136.66965868426212
300617586,0.1048071,130.2551013#77.18538390474072,83.7168993842173,117.20249503960919
300617589,0.1047538,130.2557932#77.1735680675009,77.18538390474072,159.94148274676226
300617491,0.1048485,130.2705031#120.7473639434545,1632.5538822444541,1636.1595446217393
300619273,0.1049755,130.2150999#57.610387739490726,74.400162910621,117.71548952151265
300619275,0.1049341,130.2156162#57.610387739490726,61.85596734523921,102.96781516864054
300619289,0.1050581,130.2183011#83.23827000408173,88.64883244461804,138.07762970883195
300619151,0.10512,130.2264592#105.89815628481864,132.381484663191,865.4068261475434
300619277,0.1050787,130.2161532#52.48355944432818,61.85596734523921,89.38708715620679
300619271,0.1050787,130.214439#55.60799634833462,74.400162910621,100.77127359707421
300617577,0.1050732,130.2531853#80.5076284967317,94.9048412489322,136.66965868426212
300617580,0.1051264,130.2540369#59.196848491218205,94.9048412489322,123.60124831934358
300617494,0.1053807,130.2695569#120.7473639434545,129.72350516533658,1532.4705751832967
300619267,0.1054505,130.2136128#50.84939204033903,57.48286893519989,100.77127359707421
300619281,0.1054298,130.2168761#52.3843916076669,60.430898716826846,84.5309711654422
300619269,0.1054711,130.2141292#55.60799634833462,57.48286893519989,86.69742906007151
300617574,0.1054989,130.2525999#80.5076284967317,97.08992508222694,165.11468225176324
300619279,0.1055124,130.2163391#52.48355944432818,60.430898716826846,97.3516802413249
300619283,0.1058016,130.2171652#33.919687958936926,52.3843916076669,75.77105197718777
300619287,0.1056364,130.2178261#55.6079739989841,75.77105197718777,83.23827000408173
300619153,0.1057396,130.2257363#78.0068258028799,105.88971023649893,105.89815628481864
300619265,0.1058842,130.2134682#50.84939204033903,56.07255471966135,86.69742906007151
300619285,0.1059462,130.2174337#33.919687958936926,55.6079739989841,84.5309711654422
300617496,0.105972,130.2685516#129.72350516533658,153.96548824791483,295.60986694405915
300617572,0.1061908,130.2520677#97.08992508222694,143.18363095408276,267.4398670138386
300619263,0.1061733,130.2130552#56.07255471966135,66.9805170465784,101.53670843334608
300619157,0.1063592,130.2250135#62.40191241643341,105.88971023649893,124.92495397775953
300619155,0.1064212,130.2255711#62.40191241643341,78.0068258028799,178.01498696668594
300617499,0.1064451,130.2672507#141.68149525962497,153.96548824791483,1688.9835071542802
300619261,0.1067723,130.2129932#66.9805170465784,67.86834064668702,94.59868462873123
300617569,0.1068295,130.25095#124.45243004960595,143.18363095408276,243.57042883544506
300617501,0.1069182,130.266068#123.57883192166015,141.68149525962497,214.24417305351722
300619159,0.1069582,130.2240634#58.56555856125502,121.28572171096266,124.92495397775953
300617565,0.1073085,130.2499388#119.1317606191142,124.45243004960595,267.4398670138386
300617502,0.1073913,130.2650627#93.0178953330119,123.57883192166015,177.71640244262846
300619163,0.1074125,130.2230721#54.46703200089608,71.5390516944446,109.51003564759493
300619259,0.1073299,130.2127454#27.661558489300283,55.18294970537328,67.86834064668702
300619167,0.1073299,130.222091#58.705057469563506,69.94998737774198,102.0394176198588
300619161,0.1073506,130.2237123#58.56555856125502,71.5390516944446,123.70903383723044
300617505,0.1074504,130.263466#85.76295158731482,100.4044920982432,177.71640244262846
300619257,0.1075158,130.2125802#27.661558489300283,38.021878232651744,63.36448249125115
300617504,0.1075095,130.2642348#85.76295158731482,93.0178953330119,177.11206572824523
300619169,0.1075984,130.2216366#43.34222903392169,58.705057469563506,76.04845865278224
300619165,0.1076397,130.2226383#54.46703200089608,69.94998737774198,111.50988861393301
300617561,0.1077875,130.2489808#84.1310455313112,119.1317606191142,215.4751450464597
300619171,0.107805,130.2213062#43.34222903392169,46.16558971452049,82.82854509164373
300619255,0.1078256,130.2127247#31.245448396313936,38.021878232651744,55.18294970537328
300619251,0.1079082,130.2129932#31.245448396313936,46.00525078045144,63.36448249125115
300617506,0.1079235,130.2626972#100.4044920982432,135.59639887531864,177.11206572824523
300617509,0.10816,130.2605092#112.0093519985869,118.57518553745197,242.55496623550135
300619249,0.1083213,130.2130139#45.59845239650021,46.00525078045144,48.729284607493675
300619173,0.108218,130.2213475#46.16558971452049,47.309560427758754,76.04845865278224
300617507,0.1082192,130.2615145#112.0093519985869,135.59639887531864,226.0352794754826
300619175,0.1084246,130.2217193#47.309560427758754,58.69548034245781,82.82854509164373
300617558,0.1083729,130.2485018#84.1310455313112,148.4597189915673,198.55054825280172
300617555,0.1084794,130.2471713#52.95021115264203,148.4597189915673,150.93022884480638
300617510,0.1085148,130.2595039#118.57518553745197,125.65340923293039,226.0352794754826
300619247,0.1085898,130.2133237#45.25228167241551,45.59845239650021,84.25411381905248
300617511,0.1086331,130.2583804#125.65340923293039,164.43672929471876,242.55496623550135
300617512,0.1086331,130.256902#87.75765983474612,164.43672929471876,185.22223731316538
300617549,0.1086923,130.2467455#52.95021115264203,97.9926492330114,192.82288716748897
300619178,0.1086931,130.2221736#58.69548034245781,62.40201730239161,102.34293948795838
300619245,0.108755,130.2129519#45.25228167241551,47.13849732184828,48.729284607493675
300617515,0.1088105,130.2552462#98.65758795238473,113.54325866383682,185.22223731316538
300617513,0.1088105,130.2561332#87.75765983474612,98.65758795238473,211.39610650386086
300619243,0.1090442,130.2126421#47.13849732184828,84.98804835857382,90.41676563502473
300617520,0.1090471,130.2525851#65.76813636228857,88.24206011649171,170.7594911518917
300617518,0.1089879,130.2542409#113.54325866383682,184.28591723139837,197.87081658524158
300617547,0.1090648,130.2459471#96.36038895782903,97.9926492330114,150.93022884480638
300617545,0.1092245,130.2450956#59.1968151622029,96.36038895782903,139.70743316464953
300619182,0.1093333,130.2215127#66.265873493237,80.92855502490178,102.34293948795838
300619180,0.1092507,130.2222356#62.40201730239161,80.92855502490178,108.35329473940284
300617526,0.109461,130.2511067#72.65060141231697,85.76294609042561,127.02901528114283
300617525,0.1094019,130.2518755#83.194223914947,85.76294609042561,88.24206011649171
300617527,0.1094019,130.2504562#69.9167225857553,72.65060141231697,157.86326023509224
300619193,0.1093953,130.2197159#43.57916288556434,54.6001705733186,83.23851489161295
300619191,0.1095192,130.2201909#43.345763385000424,54.6001705733186,72.09017963009462
300617544,0.1095438,130.2446698#59.1968151622029,84.75693435839837,151.7304396989462
300617523,0.1096384,130.2525851#65.76813636228857,83.194223914947,165.61633519819407
300619185,0.1096638,130.221017#55.55197087412625,66.265873493237,93.2809039350594
300619188,0.1097257,130.2205214#43.345763385000424,55.55197087412625,96.83669939453162
300619241,0.1098083,130.2126421#44.59934991909326,70.76768880968515,84.98804835857382
300619199,0.1097464,130.219055#37.11148109731503,59.77236816481951,68.91357194977996
300619197,0.109767,130.219592#43.57916288556434,55.95071980315474,59.77236816481951
300617529,0.109875,130.2500423#69.9167225857553,119.12789500719647,127.02901528114283
300617534,0.1099932,130.247736#69.91672198344187,74.99590631958645,138.12061768876993
300617530,0.1099932,130.2489778#106.05882218954163,119.12789500719647,138.12061768876993
300619201,0.1100562,130.2189311#37.11148109731503,58.87407547613264,80.23913702731662
300619238,0.1100355,130.2123117#44.59934991909326,49.10803055224032,68.52860002029841
300619203,0.1102421,130.2194267#52.88265650248171,55.95071980315474,58.87407547613264
300617543,0.1102357,130.2443505#84.75693435839837,97.62470420642597,101.84408911641266
300617536,0.1104072,130.2472038#74.99590631958645,79.19933398608386,105.4361602991029
300619234,0.1104279,130.2127867#41.62160261633124,62.200673106974776,68.52860002029841
300617532,0.1104663,130.2481499#69.91672198344187,105.4361602991029,106.05882218954163
300619236,0.1104692,130.212229#49.10803055224032,62.200673106974776,86.68805817686811
300617537,0.1104663,130.2464942#66.05884333383756,79.19933398608386,106.51687310560288
300622270,0.1105378,130.1427161#58.6702536383155,63.44956880128298,69.52504493417541
300622275,0.1105745,130.1433401#69.52504493417541,91.46737058413646,93.9590483687644
300619232,0.1107584,130.2129622#41.62160261633124,57.43282584003856,87.6656141034926
300619205,0.1107171,130.2194474#52.88265650248171,76.36540152161557,93.28127775765599
300617538,0.111034,130.2463197#66.05884333383756,78.98072116397802,120.54124439042793
300617540,0.1109808,130.2448827#83.7153093661529,83.71688274262235,101.84408911641266
300622263,0.111064,130.1426793#20.409995515297247,58.6702536383155,62.564636934451784
300617539,0.1108743,130.2456278#78.98072116397802,83.71688274262235,106.51687310560288
300617541,0.1110872,130.2441376#83.7153093661529,97.62470420642597,167.43219174686436
300622256,0.111064,130.1424958#20.409995515297247,61.494336101325786,63.44956880128298
300619207,0.1109649,130.2188071#65.0529343482041,76.36540152161557,102.00805722443624
300619230,0.1112541,130.2131068#53.77763416235866,57.43282584003856,98.5511884761903
300619222,0.1120595,130.2146558#32.89749562964363,50.1717077781866,120.53470716401702
300622251,0.1116147,130.1424468#61.494336101325786,64.3372041341027,66.48754407151822
300619224,0.1121835,130.2142221#50.1717077781866,71.25493888126887,80.70054918954644
300622282,0.1114678,130.1430709#23.765819037029146,27.755167876272836,62.564636934451784
300619209,0.1113573,130.2183734#65.0529343482041,95.19074584989856,139.06974850776675
300619228,0.1114193,130.2135612#53.77763416235866,87.32049971993393,99.20918787300565
300619214,0.1115639,130.2168864#60.64901519827894,71.79720697574726,130.61859314911518
300622284,0.1116758,130.143022#23.765819037029146,43.392280622571626,64.3372041341027
300622281,0.1114189,130.1433156#27.755167876272836,43.392280622571626,81.03739228154812
300619218,0.1120389,130.2158124#82.8241137991762,96.9139984039371,128.6645448790811
300619226,0.1122041,130.2135818#71.25493888126887,87.32049971993393,120.53470716401702
300619212,0.1114813,130.2175266#71.79720697574726,95.19074584989856,122.28933467133808
300619215,0.1119976,130.2165559#60.64901519827894,82.8241137991762,122.28933467133808
300619220,0.1121215,130.214945#32.89749562964363,80.70054918954644,96.9139984039371
300622299,0.1141109,130.1423122#70.89080321617753,81.13955584361422,104.193243135612
300622297,0.1141476,130.1416759#27.53249098664732,45.307656699697,70.89080321617753
300622296,0.1143924,130.1416392#23.133080746832583,27.53249098664732,65.46539003321855
300622294,0.1144903,130.1414557#23.133080746832583,45.307656699697,50.425850426162484
300622293,0.114943,130.1414312#19.81720462120057,43.26244646868458,50.425850426162484
300622291,0.114992,130.1416025#19.81720462120057,37.962495854894165,53.635540665134975
300622300,0.1152367,130.1422388#27.521438072672144,75.82620014600889,80.8579548809142
300622301,0.1152734,130.1419941#27.521438072672144,53.35618403316654,53.635540665134975
300622303,0.1161422,130.1419574#66.74682831321826,88.1398848753959,96.71962406597657
300622286,0.1159587,130.1411865#29.970818700331357,53.37806956784997,79.74559591779757
300622289,0.1153224,130.1415169#27.9286867389869,37.962495854894165,43.26244646868458
300622304,0.1161667,130.1413578#29.970818700331357,66.74682831321826,73.51109863837557
300622288,0.1155059,130.1413455#27.9286867389869,53.37806956784997,63.33076656602149
300621892,0.1171342,130.1401383#38.46117661154627,51.36528299200839,76.83694955677612
300621890,0.1172284,130.1396862#37.06555005455757,51.36528299200839,55.34983095603062
300621895,0.1174356,130.1407599#50.285323853516346,76.83694955677612,77.63808126441823
300621888,0.1174733,130.1394602#21.04915511384191,37.06555005455757,45.99771670116421
300621893,0.1174356,130.1403078#38.46117661154627,50.285323853516346,72.87802389969464
300621887,0.1176616,130.1394413#21.04915511384191,31.43697106378807,55.34983095603062
300621886,0.1178312,130.1396674#31.43697106378807,45.99771670116421,64.97907460737827
300621898,0.1180761,130.1404774#27.943952420579038,73.69568127851697,77.86210723517976
300621896,0.1181326,130.1407222#27.943952420579038,76.26374545709719,77.63808126441823
300621884,0.1184151,130.1396485#27.954789905753724,64.97907460737827,71.27112830254686
300621882,0.1184716,130.1394036#27.954789905753724,58.70914612745871,77.03597062307831
300621865,0.1186412,130.1377271#47.085639848264165,59.295254207009805,68.72525478450622
300621900,0.1187919,130.1405339#54.39994855230286,62.50885723903617,76.26374545709719
300621902,0.1189237,130.1400629#25.49546855075304,54.39994855230286,72.96995564991526
300621868,0.1190368,130.1378778#27.239283418072716,41.32211262389185,47.085639848264165
300621880,0.1189991,130.1393848#58.70914612745871,71.27112830254686,75.88724730989652
300621904,0.1191498,130.1401006#25.49546855075304,62.50885723903617,81.36097990492648
300621861,0.1190933,130.1374446#30.933521771799967,48.59123366807227,59.295254207009805
300621859,0.1192251,130.1371997#30.933521771799967,50.32888743688643,65.62053846626522
300621870,0.1191309,130.1381039#25.495468545566982,27.239283418072716,34.36703495685771
300621873,0.119357,130.1380662#25.235006549944664,25.495468545566982,41.32211262389185
300621874,0.1193758,130.1382923#25.235006549944664,34.36703495685771,59.558617397624715
300621857,0.1196772,130.1371809#24.425703729547223,50.32888743688643,69.36060767529155
300621855,0.1197902,130.1373692#24.425703729547223,50.979965916805305,65.62053846626522
300621876,0.1199786,130.1382357#38.628296359418954,67.34214374821995,71.66263142609061
300621815,0.1202423,130.135429#27.319457019614,52.88682288177255,66.2606410497742
300621853,0.1202423,130.1374446#50.979965916805305,62.853867774190306,69.36060767529155
300621878,0.1202423,130.1380097#38.628296359418954,62.853867774190306,87.19981112063844
300621813,0.1204495,130.1352971#27.319457019614,29.998332790883776,68.40156722886806
300621812,0.1205061,130.1350334#29.998332790883776,40.239024712198386,52.88682288177255
300621721,0.1205249,130.1318311#65.24839544634924,77.52458925081577,101.82396251538991
300621723,0.1205249,130.1325281#77.52458925081577,96.40043229954428,116.6194372713239
300621816,0.1205814,130.1359188#33.78207506621124,51.5325506923342,66.2606410497742
300621806,0.1206756,130.1341104#37.480529527971406,67.62597717096301,71.51695369712547
300621811,0.1207321,130.1347509#29.996061053857364,40.239024712198386,60.908888040224596
300621819,0.1207886,130.1363332#29.99600022334532,46.524604729108894,51.5325506923342
300621818,0.1208451,130.1360695#29.99600022334532,33.78207506621124,64.71572306742328
300621805,0.1208451,130.1335265#64.54344406567363,67.62597717096301,83.01333699903044
300621808,0.120977,130.1342611#37.480529527971406,48.239608863788455,60.908888040224596
300621809,0.1209958,130.1346944#29.996061053857364,48.239608863788455,66.24521627284908
300621742,0.1210712,130.1310965#26.250543905187588,61.903203668027054,67.0470896164852
300621740,0.1210712,130.1304937#62.888779493314004,67.0470896164852,67.69416327304212
300621786,0.12109,130.1396674#57.18910971418176,81.74456071027606,98.743046214594
300621724,0.1211088,130.1318876#61.01924576425129,65.24839544634924,77.74567892166583
300621785,0.1211088,130.1389327#29.9991597005407,81.74456071027606,101.55037442980795
300621821,0.1211277,130.1365781#46.524604729108894,49.79871060702712,64.71572306742328
300621743,0.1212784,130.1312095#26.250543905187588,35.8022553129487,67.47281586665852
300621823,0.1212972,130.1369925#49.79871060702712,59.000651556684545,74.31070985536549
300621788,0.1213349,130.1401195#57.18910971418176,79.7255801390218,128.27672579862664
300621784,0.1213537,130.1388197#29.9991597005407,82.38676472090489,98.743046214594
300621826,0.1214479,130.1375011#50.28542947639155,59.000651556684545,60.029691365851754
300621780,0.1214479,130.138085#41.16083758560452,64.94491552668046,82.13687600438442
300621803,0.1214102,130.1333946#59.00748637077724,62.50888022553172,64.54344406567363
300621745,0.1215798,130.1313225#35.8022553129487,43.19503321880356,46.51852614712935
300621836,0.1216928,130.1360318#79.61563643672967,84.45830792264022,87.4227986454809
300621727,0.1216174,130.1326223#34.87625376517658,52.506349749777165,73.09674298224073
300621751,0.1218435,130.1307762#23.887543683576663,33.78477755525543,37.30134490806198
300621838,0.1216928,130.135316#32.054612881597635,42.99154815824729,66.8185308954999
300621725,0.1216363,130.1317369#36.164860974211315,46.51852614712935,61.01924576425129
300621754,0.1216363,130.1307197#23.046046244587945,23.887543683576663,48.23529364467873
300621758,0.1216363,130.1305125#23.046046244587945,37.30134490806198,62.888779493314004
300621779,0.1218058,130.1379909#41.16083758560452,42.74093816861105,55.47692952894422
300621730,0.1218435,130.1330367#27.560134556998975,35.12273401252786,37.71685276585918
300621829,0.1219,130.1375011#29.404764780406364,47.501635954240335,50.28542947639155
300621728,0.1218812,130.1327918#27.560134556998975,34.87625376517658,43.195033024593954
300621747,0.1218812,130.1310776#33.78477755525543,43.19503321880356,48.23529364467873
300621800,0.1221826,130.1379155#38.23672044992404,42.74093816861105,55.783401521979435
300621845,0.1219942,130.134393#24.520781047711175,52.38748859890811,61.00843340684645
300621835,0.1222202,130.1365781#67.17739126514645,80.63077336813807,84.45830792264022
300621846,0.1219942,130.133922#32.043706152414735,52.38748859890811,64.98647614961693
300621850,0.1221637,130.1332251#21.06017521175931,28.104179152308838,41.32211152979346
300621842,0.1221449,130.1349204#24.435266078858675,42.16615998090409,50.67647580977775
300621848,0.1222767,130.1338655#32.043706152414735,66.55586154911448,67.56817458581774
300621843,0.1222014,130.1344683#24.520781047711175,50.67647580977775,64.98647614961693
300621840,0.1219565,130.1350334#24.435266078858675,25.2359282475157,42.99154815824729
300621799,0.1222391,130.1382546#26.49570800274726,38.23672044992404,56.41777539523532
300621735,0.1222014,130.1323209#34.107553042420335,54.07492670157708,54.51865448493904
300621793,0.1222391,130.1394036#24.431453333007976,50.317660261476,66.26201176442018
300621738,0.1219565,130.1316804#33.78207464485473,36.164860974211315,57.79433798675943
300621795,0.1222579,130.1389516#31.436987727332145,50.317660261476,65.62041299931215
300621789,0.1220507,130.1401571#46.84195685938715,79.7255801390218,82.63849162515525
300621802,0.1219377,130.1333381#28.104179152308838,35.12273401252786,43.19501294860274
300621833,0.1221826,130.1371809#30.00693688659129,47.501635954240335,67.17739126514645
300621839,0.1219754,130.1352595#25.2359282475157,32.054612881597635,42.16615998090409
300621832,0.1219188,130.1372374#29.404764780406364,30.00693688659129,60.029691365851754
300621736,0.1222202,130.1318311#33.78207464485473,54.51865448493904,65.78479279303349
300621731,0.1221826,130.1330367#21.06017521175931,37.71685276585918,43.19501294860274
300621796,0.122484,130.138782#31.436987727332145,50.329236189186176,64.67651639024979
300621792,0.1224274,130.1395167#24.431453333007976,50.285314679981624,65.62041299931215
300621734,0.1225028,130.1323774#34.107553042420335,37.77468719198005,68.41144256562387
300621798,0.1224651,130.1383299#26.49570800274726,50.329236189186176,55.783401521979435
300621732,0.122484,130.1327165#37.77468719198005,48.91045245989825,54.07492670157708
300621791,0.1224274,130.1399688#46.84195685938715,50.285314679981624,66.26201176442018
300629124,0.122745,130.0957583#112.11826419057928,129.12099353537323,170.13907200846137
300629126,0.1228094,130.0969174#81.18950921629909,129.12099353537323,201.82815534569718
300621909,0.123407,130.136352#38.52820535364584,49.79552309231995,67.3409512455254
300629129,0.1232924,130.0974647#81.18950921629909,97.28420852823567,163.48257959794753
300621911,0.1232751,130.1366723#37.7679262165557,38.52820535364584,79.20424862439937
300629155,0.1235178,130.0944382#97.74437927211518,105.3241168564297,170.13907200846137
300621912,0.1234635,130.1369548#37.7679262165557,57.94912734069116,67.3409512455254
300629137,0.1240007,130.0961768#73.48591412185907,101.28876897545898,104.40272187590288
300621908,0.1238402,130.136239#49.79552309231995,68.6333906719088,79.20424862439937
300629121,0.1236466,130.0953075#97.74437927211518,104.40272187590288,112.11826419057928
300621906,0.1239721,130.1368418#57.94912734069116,68.6333906719088,79.78419266615903
300629132,0.1241617,130.0975613#97.28420852823567,109.85399587135545,155.0302217011937
300629192,0.1243549,130.1006844#75.21107569834071,93.17642857951662,113.2473704375586
300629198,0.1243549,130.1013606#75.21107569834071,93.72546516172845,121.97248234538684
300629148,0.1244193,130.0941484#105.3241168564297,136.83257973514213,154.94319786185747
300629134,0.1244837,130.0966276#73.48591412185907,79.51530848089662,109.85399587135545
300629140,0.1249022,130.096048#59.60178841832403,79.51530848089662,101.28876897545898
300620492,0.1249516,130.1246918#25.22671396271363,44.05069494959458,72.63220070755031
300620499,0.1249328,130.1250874#40.02809819899602,44.05069494959458,60.02961481475666
300620532,0.1249893,130.1260858#28.49698895393898,46.09208669021376,63.0356849591128
300620523,0.1249893,130.1256714#26.25587025055436,41.33164919228797,46.09208669021376
300620487,0.1251023,130.1245223#25.22671396271363,47.818797342859504,65.62040693514791
300620536,0.12514,130.126293#28.49698895393898,61.65952511949214,71.14098162077899
300620513,0.1251965,130.1255583#23.140713426266196,26.25587025055436,60.02961481475666
300629200,0.125192,130.101264#68.04811394130112,93.72546516172845,103.77808776951727
300620506,0.1251777,130.1253511#23.140713426266196,40.02809819899602,41.33164919228797
300629203,0.125192,130.1006522#68.04811394130112,93.17642857951662,100.269088766688
300620541,0.1252342,130.1268393#46.13753917946415,61.65952511949214,88.12436889861463
300629146,0.1252564,130.0950499#79.52175724075731,117.79791289622104,136.83257973514213
300620483,0.1253095,130.1241456#47.818797342859504,52.42976763779988,66.94584515240861
300629143,0.125353,130.0957583#59.60178841832403,79.52175724075731,136.738816920322
300621764,0.1254602,130.1369548#40.30079674517163,49.44626881987322,69.17215572465473
300620416,0.1255167,130.1302488#49.80898901550902,60.90887928742211,112.82793150995485
300621768,0.1255167,130.1373127#37.480528165553736,40.30079674517163,82.88407766620966
300620413,0.1256298,130.1298155#49.80898901550902,63.021624434675374,103.71406155942567
300620402,0.1255544,130.127103#46.13753917946415,101.19911647917442,129.42602831277063
300620405,0.1256863,130.1285346#29.627006367183775,82.38675150238518,142.6080113059936
300621761,0.1257239,130.1365969#49.44626881987322,54.51877812844293,82.88407766620966
300620410,0.1257805,130.1292693#61.65763460909619,63.021624434675374,82.38675150238518
300620419,0.1257616,130.1307386#60.90887928742211,64.54592638897991,103.71406155942567
300620482,0.1257805,130.1241267#27.23927757755399,52.42976763779988,63.95733379520871
300621771,0.1258181,130.1374634#37.480528165553736,60.79930376365496,69.17215572465473
300629262,0.1258038,130.0977867#71.34653546076757,94.20324716717765,101.09938835054344
300620481,0.1258746,130.1243528#27.23927757755399,44.79114265862386,59.00076171267573
300620408,0.1258746,130.128723#29.627006367183775,61.65763460909619,124.5276908833125
300629209,0.1259647,130.1058359#79.10639431845783,96.76648303561865,114.20778196044661
300629265,0.1259969,130.0983984#45.30254220346893,71.34653546076757,77.14346151681447
300629206,0.1260291,130.1051276#78.87409614071481,79.10639431845783,116.92708524837577
300629306,0.1260345,130.1019459#56.48227729305609,91.50693520687253,92.10902211634102
300629301,0.1260556,130.1009108#47.22795138272976,58.74217962120466,95.90602964882132
300629300,0.1260979,130.1004883#47.22795138272976,68.30265069570731,77.57139301909632
300629268,0.1261257,130.0987848#45.30254220346893,68.7980769907234,91.72203528672475
